1
1111
1111
1111
1111
1111
1111
2222
2222
2222
2222
2222
2222
2222
2222
3333
3333
3333
3333
3333
3333
3333
3333
4444
4444
4444
4444
0000
0000
0000
0000

1111
1111
1111
1111
2222
2222
2222
2222

3333
3333
3333
3333
4444
4444
0000
0000

1111
1111
1111
1111
2222
2222
2222
2222

3333
3333
3333
3333
3333
3333
3333
3333

1111
1111
1111
1111
2222
2222
2222
2222

3333
3333
3333
3333
4444
4444
0000
0000

1111
1111
1111
1111
2222
2222
2222
2222

3333
3333
3333
3333
0000
0000
0000
0000

3333
3333
3333
3333
3333
3333
3333
0000

3333
3333
3333
3333
3333
3333
3333
3333

3333
3333
3333
3333
3333
3333
3333
0000

3333
3333
3333
3333
0055
5555
5555
5555

3333
3333
3333
3333
3333
3333
3333
0000

3333
3333
3333
3333
3333
3333
3333
3333

3333
3333
3333
3333
3333
3333
3333
0000

3333
3333
3333
3333
5555
5555
0000
0000

1111
1111
1111
1111
1111
1111
1111
1111

1111
1111
1111
1111
1111
1111
1111
1111

1111
1111
1111
1111
1111
1111
1111
1111

1111
1111
1111
1111
1111
1111
1111
1111

2222
2222
2222
2222
2222
2222
2222
2222

2222
2222
2222
2222
2222
2222
2222
2222

4444
4444
4444
4444
6666
6666
6666
6666

8888
8888
8888
8888
0000
0000
0000
0000

3333
3333
3333
3333
3333
3333
3333
0000

3333
3333
3333
3333
3333
3333
3333
3333

3333
3333
3333
3333
3333
3333
3333
0000

3333
3333
3333
3333
0055
5555
5555
5555

3303
3033
0330
3303
3303
3033
0330
3303

3303
3033
0330
3303
3303
3033
0330
3303

3303
3033
0330
3303
3303
3033
0330
3303

0000
0000
0000
0000
2222
6666
4444
2222

3333
3333
3333
3333
4444
4444
4444
4444

5555
5555
5555
5555
4444
4444
3333
3333

3333
3333
3333
3333
4444
4444
4444
4444

5555
5555
5555
5555
4444
4444
3333
3333

3333
3333
3333
3333
4444
4444
4444
4444

5555
5555
5555
5555
4444
4444
5555
5555

5555
5555
5555
5555
6666
6666
6666
6666

8888
8888
8888
8888
0000
0000
3333
3333

0000
0000
0000
0000
0000
0000
0000
0000
0000
0000
0000
0000
0000
0000
0000
0000
0000
0000
0000
0000
0000
0000
0000
0000
0000
0000
0000
0000
0000
0000
0000
0000
0000
0000
0000
0000
0000
0000
0000
0000
0000
0000
0000
0000
0000
0000
0000
0000
0000
0000
0000
0000
0000
0000
0000
0000
0000
0000
0000
0000
0000
0000
0000
0000
0000
0000
0000
0000
0000
0000
0000
0000
0000
0000
0000
0000
0000
0000
0000
0000
0000
0000
0000
0000
0000
0000
0000
0000
0000
0000
0000
0000
0000
0000
0000
0000