000000000000
000000000000
000000000000
000000000000
000000000000
000000000000
000000000000
000000000000
000000000000
000000000000
000000000000
000000000000
000000000000
000000000000
000000000000
000000000000
000000000000
000000000000
000000000000
000000000000
000000000000
000000000000
000000000000
000000000000
000000000000

030010070050
000000000000
000000000000
000000000000

000000000000
000000000000
000000000000
000000000000

000000000000
000000000000
000000000000
000000000000

000000000000
000000000000
000000000000
000000000000

000000000000
000000000000
000000000000
000000000000

000000000000
000000000000
000000000000
000000000000

000000000000
000000000000
000000000000
000000000000

000000000000
000000000000
000000000000
000000000000

001007005003
000000000000
000000000000
000000000000

000000000000
000000000000
000000000000
000000000000

000000000000
000000000000
000000000000
000000000000

000000000000
000000000000
000000000000
000000000000

000000000000
000000000000
000000000000
000000000000

000000000000
000000000000
000000000000
000000000000

000000000000
000000000000
000000000000
000000000000

000000000000
000000000000
000000000000
000000000000

077055033011
000000000000
000000000000
000000000000

000000000000
000000000000
000000000000
000000000000

000000000000
000000000000
000000000000
000000000000

000000000000
000000000000
000000000000
000000000000

005003001007
000000000000
000000000000
000000000000

000000000000
000000000000
000000000000
000000000000

750530310170
000000000000
000000000000
000000000000

000000000000
000000000000
000000000000
000000000000

000000000077
000000000000
000000000000
000000000000

000000000077
000000000000
000000000000
000000000000

000000000077
000000000000
000000000000
000000000000

000000000077
000000000000
000000000000
000000000000

550000000000
000000000000
000000000000
000000000000

550000000000
000000000000
000000000000
000000000000

550000000000
000000000000
000000000000
000000000000

550000000000
000000000000
000000000000
000000000000

000330000000
000000000000
000000000000
000000000000

000330000000
000000000000
000000000000
000000000000

000330000000
000000000000
000000000000
000000000000

000330000000
000000000000
000000000000
000000000000

000011000000
000000000000
000000000000
000000000000

000011000000
000000000000
000000000000
000000000000

033011000000
000000000000
000000000000
000000000000

000000077055
000000000000
000000000000
000000000000

000007700000
000000000000
000000000000
000000000000

000007700000
000000000000
000000000000
000000000000

000007700000
000000000000
000000000000
000000000000

000007700000
000000000000
000000000000
000000000000

000000005500
000000000000
000000000000
000000000000

000000005500
000000000000
000000000000
000000000000

000000005500
000000000000
000000000000
000000000000

000000005500
000000000000
000000000000
000000000000

000000000033
000000000000
000000000000
000000000000

000000000033
000000000000
000000000000
000000000000

000000000033
000000000000
000000000000
000000000000

000000000033
000000000000
000000000000
000000000000

110000000000
000000000000
000000000000
000000000000

110000000000
000000000000
000000000000
000000000000

077055000000
000000000000
000000000000
000000000000

000000033011
000000000000
000000000000
000000000000

007000000000
007000000000
007000000000
007000000000

007000000000
007000000000
007000000000
007000000000

007000000000
007000000000
007000000000
007000000000

007000000000
007000000000
007000000000
007000000000

000005000000
000005000000
000005000000
000005000000

000005000000
000005000000
000005000000
000005000000

000005000000
000005000000
000005000000
000005000000

000005000000
000005000000
000005000000
000005000000

000000030000
000000030000
000000030000
000000030000

000000030000
000000030000
000000030000
000000030000

000000030000
000000030000
000000030000
000000030000

000000030000
000000030000
000000030000
000000030000

000000001000
000000001000
000000001000
000000001000

000000001000
000000001000
000000001000
000000001000

550330110770
000000000000
000000000000
000000000000

550330110770
000000000000
000000000000
000000000000

500000000000
500000000000
500000000000
500000000000

500000000000
500000000000
500000000000
500000000000

500000000000
500000000000
500000000000
500000000000

500000000000
500000000000
500000000000
500000000000

000300000000
000300000000
000300000000
000300000000

000300000000
000300000000
000300000000
000300000000

000300000000
000300000000
000300000000
000300000000

000300000000
000300000000
000300000000
000300000000

000001000000
000001000000
000001000000
000001000000

000001000000
000001000000
000001000000
000001000000

000001000000
000001000000
000001000000
000001000000

000001000000
000001000000
000001000000
000001000000

000000000000
000000000000
000000000000
000000000000

000000000000
000000000000
000000000000
000000000000

000000000000
000000000000
000000000000
000000000000

000000000000
000000000000
000000000000
000000000000

000000000033
000000000000
000000000000
000000000000

000000000033
000000000000
000000000000
000000000000

000077000000
000000000000
000000000000
000000000000

000077000000
000000000000
000000000000
000000000000

000000000033
000000000000
000000000000
000000000000

000077000000
000000000000
000000000000
000000000000

000077000000
000000000000
000000000000
000000000000

000000000000
000000000000
000000000000
000000000000

000000003300
000000000000
000000000000
000000000000

000000003300
000000000000
000000000000
000000000000

077000000000
000000000000
000000000000
000000000000

077000000000
000000000000
000000000000
000000000000

000000003300
000000000000
000000000000
000000000000

000000003300
000000000000
000000000000
000000000000

077000000000
000000000000
000000000000
000000000000

077000000000
000000000000
000000000000
000000000000

000003300000
000000000000
000000000000
000000000000

000003300000
000000000000
000000000000
000000000000

000000000077
000000000000
000000000000
000000000000

000000000077
000000000000
000000000000
000000000000

000003300000
000000000000
000000000000
000000000000

000000000077
000000000000
000000000000
000000000000

000000000077
000000000000
000000000000
000000000000

000000000000
000000000000
000000000000
000000000000

003300000000
000000000000
000000000000
000000000000

003300000000
000000000000
000000000000
000000000000

000000077000
000000000000
000000000000
000000000000

000000077000
000000000000
000000000000
000000000000

000000077000
000000000000
000000000000
000000000000

000000770000
000000000000
000000770000
000000000000

000000770000
000000000000
000000770000
000000000000

000000770000
000000000000
000000770000
000000000000

000000000033
000000000000
000000000000
000000000000

000000000033
000000000000
000000000000
000000000000

000770000000
000000000000
000000000000
000000000000

000770000000
000000000000
000000000000
000000000000

000000000033
000000000000
000000000000
000000000000

000770000000
000000000000
000000000000
000000000000

000770000000
000000000000
000000000000
000000000000

000000000000
000000000000
000000000000
000000000000

000000033000
000000000000
000000000000
000000000000

000000033000
000000000000
000000000000
000000000000

770000000000
000000000000
000000000000
000000000000

770000000000
000000000000
000000000000
000000000000

000003300000
000000000000
000000000000
000000000000

000003300000
000000000000
000000000000
000000000000

000000000077
000000000000
000000000000
000000000000

000000000077
000000000000
000000000000
000000000000

000033000000
000000000000
000000000000
000000000000

000033000000
000000000000
000000000000
000000000000

000000000770
000000000000
000000000000
000000000000

000000000770
000000000000
000000000000
000000000000

000033000000
000000000000
000000000000
000000000000

000000000770
000000000000
000000000000
000000000000

000000000770
000000000000
000000000000
000000000000

000000000000
000000000000
000000000000
000000000000

003300000000
000000000000
000000000000
000000000000

003300000000
000000000000
000000000000
000000000000

000000077000
000000000000
000000000000
000000000000

000000077000
000000000000
000000000000
000000000000

000000000000
000000000000
000000000000
000000000000

300100700500
000000000000
000000000000
000000000000

300100700500
300100700500
300100700500
300100700500

300100700500
300100700500
300100700500
300100700500

200000000000
000000000000
000000000000
000000000000

000000000000
000000000000
000000000000
000000000000

200000000000
200000000000
200000000000
200000000000

200000000000
200000000000
200000000000
200000000000

000000000400
000000000000
000000000000
000000000000

000000000000
000000000000
000000000000
000000000000

000000000400
000000000400
000000000400
000000000400

000000000400
000000000400
000000000400
000000000400

000000600000
000000000000
000000000000
000000000000

000000000000
000000000000
000000000000
000000000000

000000600000
000000600000
000000600000
000000600000

000000600000
000000600000
000000600000
000000600000

000800000000
000000000000
000000000000
000000000000

000000000000
000000000000
000800000000
000000000000

000800000000
000800000000
000800000000
000800000000

000800000000
000800000000
000800000000
000800000000

000000000020
000000000000
000000000000
000000000000

000000000000
000000000000
000000000000
000000000000

000000000020
000000000020
000000000020
000000000020

000000000020
000000000020
000000000020
000000000020

000000040000
000000000000
000000000000
000000000000

000000000000
000000000000
000000000000
000000000000

000000040000
000000040000
000000040000
000000040000

000000040000
000000040000
000000040000
000000040000

000060000000
000000000000
000000000000
000000000000

000000000000
000000000000
000000000000
000000000000

000060000000
000060000000
000060000000
000060000000

000060000000
000060000000
000060000000
000060000000

080000000000
000000000000
000000000000
000000000000

000000000000
000000000000
080000000000
000000000000

080000000000
080000000000
080000000000
080000000000

080000000000
080000000000
080000000000
080000000000

000000000200
000000000000
000000000000
000000000000

000000000000
000000000000
000000000000
000000000000

000000000200
000000000200
000000000200
000000000200

000000000200
000000000200
000000000200
000000000200

000040000000
000000000000
000000000000
000000000000

000000000000
000000000000
000000000000
000000000000

000040000000
000040000000
000040000000
000040000000

000040000000
000040000000
000040000000
000040000000

600000000000
000000000000
000000000000
000000000000

000000000000
000000000000
000000000000
000000000000

600000000000
600000000000
600000000000
600000000000

600000000000
600000000000
600000000000
600000000000

000000000800
000000000000
000000000000
000000000000

000000000000
000000000000
000000000800
000000000000

000000000800
000000000800
000000000800
000000000800

000000000800
000000000800
000000000800
000000000800

000200000000
000000000000
000000000000
000000000000

000000000000
000000000000
000000000000
000000000000

000200000000
000200000000
000200000000
000200000000

000200000000
000200000000
000200000000
000200000000

000006000000
000000000000
000000000000
000000000000

000000000000
000000000000
000000000000
000000000000

000006000000
000006000000
000006000000
000006000000

000006000000
000006000000
000006000000
000006000000

000000000000
000000000000
000000000000
000000000000

000000000000
000000000000
000000000000
000000000000

000000000000
000000000000
000000000000
000000000000

000000000000
000000000000
000000000000
000000000000

000000000000
000000000000
000000000000
000000000000

000000000000
000000000000
000000000000
000000000000

000000000000
000000000000
000000000000
000000000000

000000000000
000000000000
000000000000
000000000000

000000110000
000000000000
000000000000
000000000000

000000110000
000000000000
000000000000
000000000000

550000000000
000000000000
000000000000
000000000000

550000000000
000000000000
000000000000
000000000000

000000110000
000000000000
000000000000
000000000000

550000000000
000000000000
000000000000
000000000000

550000000000
000000000000
000000000000
000000000000

000000000000
000000000000
000000000000
000000000000

000110000000
000000000000
000000000000
000000000000

000110000000
000000000000
000000000000
000000000000

000000005500
000000000000
000000000000
000000000000

000000005500
000000000000
000000000000
000000000000

000110000000
000000000000
000000000000
000000000000

000110000000
000000000000
000000000000
000000000000

000000005500
000000000000
000000000000
000000000000

000000005500
000000000000
000000000000
000000000000

110000000000
000000000000
000000000000
000000000000

110000000000
000000000000
000000000000
000000000000

000005500000
000000000000
000000000000
000000000000

000005500000
000000000000
000000000000
000000000000

110000000000
000000000000
000000000000
000000000000

000005500000
000000000000
000000000000
000000000000

000005500000
000000000000
000000000000
000000000000

000000000000
000000000000
000000000000
000000000000

000000000011
000000000000
000000000000
000000000000

000000000011
000000000000
000000000000
000000000000

000055000000
000000000000
000000000000
000000000000

000055000000
000000000000
000000000000
000000000000

055000000000
000000000000
000000000000
000000000000

055000000000
000000000000
055000000000
000000000000

055000000000
000000000000
055000000000
000000000000

055000000000
000000000000
055000000000
000000000000


600000000000
000000000000
000000000000
003000000000

000000000000
000000000000
000000000700
000000000000

000000000000
000000000000
000000800000
000000000000

500000000000
000000000000
000000000000
000000000000


020000000000
000000000000
000000000000
000200000000

000000000000
000000000000
000010000000
000000000000

000000000004
000000000000
000000000000
000000000000

000000007000
000000000000
000000000000
000000000000


000200000000
000000000000
000000000000
400000000000

000000000000
000000000000
000000000600
000000000000

000007000000
002000000000
000000000000
000000000000

000000000400
000000000000
000000080000
000000000000


000000000003
000000000000
000000000000
000000005000

000000000000
000000000000
000070000000
000000000000

000000060000
000000000000
000000000040
000000000000

000000000000
000000000000
000000005000
000000000000

000000000002
000000000000
000000000000
000000040000

000000000000
000000000000
000060000000
000000000000

000000003000
000000000000
000000000000
000000000000

007000000000
000000000000
000000000000
000000000000


000000500000
000000000000
000000000000
100000000000

000000000000
000000000000
000006000000
000000000000

000000000020
000000000000
000000000000
000000000000

000000040000
000000000000
000000000000
000000000000

000000000000
000000000000
000000000000
000000000000

000000000000
000000000000
000000000000
000000000000

000000000000
000000000000
000000000000
000000000000

000000000000
000000000000
000000000000
000000000000

000000503000
000000000000
000000000000
000000000000

000700000001
000700000001
000700000001
000700000001

000700000001
000700000001
000700000001
000700000001

000000000000
000000000000
000000000000
000000000000

770000000000
000000000000
000000000000
000000000000

770000000000
000000000000
000000000000
000000000000

770000000000
000000000000
000000000000
000000000000

770000000000
000000000000
000000000000
000000000000

000033000000
000000000000
000000000000
000000000000

000033000000
000000000000
000000000000
000000000000

000033000000
000000000000
000000000000
000000000000

000033000000
000000000000
000000000000
000000000000

000000000055
000000000000
000000000000
000000000000

000000000055
000000000000
000000000000
000000000000

000000000055
000000000000
000000000000
000000000000

000000000055
000000000000
000000000000
000000000000

011000000000
000000000000
000000000000
000000000000

011000000000
000000000000
000000000000
000000000000

011000000000
000000000000
000000000000
000000000000

011000000000
000000000000
000000000000
000000000000

000770000000
000000000000
000000000000
000000000000

000770000000
000000000000
000000000000
000000000000

000770000000
000000000000
000000000000
000000000000

000770000000
000000000000
000000000000
000000000000

000000033000
000000000000
000000000000
000000000000

000000033000
000000000000
000000000000
000000000000

000000033000
000000000000
000000000000
000000000000

000000033000
000000000000
000000000000
000000000000

000000000110
000000000000
000000000000
000000000000

000000000110
000000000000
000000000000
000000000000

000000000110
000000000000
000000000000
000000000000

000000000110
000000000000
000000000000
000000000000

500000000005
000000000000
000000000000
000000000000

500000000005
000000000000
000000000000
000000000000

500000000005
000000000000
000000000000
000000000000

500000000005
000000000000
000000000000
000000000000

000007770000
000000000000
000000000000
000000000000

000007770000
000000000000
000000000000
000000000000

000007770000
000000000000
000000000000
000000000000

000007770000
000000000000
000000000000
000000000000

300000000033
000000000000
000000000000
000000000000

300000000033
000000000000
000000000000
000000000000

300000000033
000000000000
000000000000
000000000000

300000000033
000000000000
000000000000
000000000000

110000000001
000000000000
000000000000
000000000000

110000000001
000000000000
000000000000
000000000000

110000000001
000000000000
000000000000
000000000000

110000000001
000000000000
000000000000
000000000000

005550000000
000000000000
000000000000
000000000000

005550000000
000000000000
000000000000
000000000000

005550000000
000000000000
000000000000
000000000000

005550000000
000000000000
000000000000
000000000000

000000100000
000000000000
000000100000
000000000000

000000100000
000000000000
000000100000
000000000000

000000100000
000000000000
000000100000
000000000000

000000100000
000000000000
000000100000
000000000000

000001000000
000000000000
000001000000
000000000000

000001000000
000000000000
000001000000
000000000000

000001000000
000000000000
000001000000
000000000000

000001000000
000000000000
000001000000
000000000000

100000000000
000000000000
100000000000
000000000000

100000000000
000000000000
100000000000
000000000000

100000000000
000000000000
100000000000
000000000000

100000000000
000000000000
100000000000
000000000000

000000000000
000000000000
000000000000
000000000000

000000000000
000000000000
000000000000
000000000000

000000000000
000000000000
000000000000
000000000000

700500300100
000000000000
000000000000
000000000000

000000000000
000000000000
000000000000
000000000000
000000000000
000000000000
000000000000
000000000000
000000000000
000000000000
000000000000
000000000000
000000000000
000000000000
000000000000
000000000000
000000000000
000000000000
000000000000
000000000000
000000000000
000000000000
000000000000
000000000000
000000000000
000000000000
000000000000
000000000000

000000000000
000000000000
000000000000
000000000000
000000000000
000000000000
000000000000
000000000000
000000000000
000000000000
000000000000
000000000000
000000000000
000000000000
000000000000
000000000000
000000000000
000000000000
000000000000
000000000000
000000000000
000000000000
000000000000
000000000000
000000000000
000000000000
000000000000
000000000000

000000000000
000000000000
000000000000
000000000000
000000000000
000000000000
000000000000
000000000000
000000000000
000000000000
000000000000
000000000000
000000000000
000000000000
000000000000
000000000000
000000000000
000000000000
000000000000
000000000000
000000000000
000000000000
000000000000
000000000000
000000000000
000000000000
000000000000
000000000000

000000000000
000000000000
000000000000
000000000000
000000000000
000000000000
000000000000
000000000000
000000000000
000000000000
000000000000
000000000000
000000000000
000000000000
000000000000
000000000000
000000000000
000000000000
000000000000
000000000000
000000000000
000000000000
000000000000
000000000000
000000000000
000000000000
000000000000
000000000000

000000000000
000000000000
000000000000
000000000000
000000000000
000000000000
000000000000
000000000000
000000000000
000000000000
000000000000
000000000000
000000000000
000000000000
000000000000
000000000000
000000000000
000000000000
000000000000
000000000000
000000000000
000000000000
000000000000
000000000000
000000000000
000000000000
000000000000
000000000000

000000000000
000000000000
000000000000
000000000000
000000000000
000000000000
000000000000
000000000000
000000000000
000000000000
000000000000
000000000000
000000000000
000000000000
000000000000
000000000000
000000000000
000000000000
000000000000
000000000000
000000000000
000000000000
000000000000
000000000000
000000000000
000000000000
000000000000
000000000000