000
0000

1111
1111
1111
1111
1111
1111
1111
1111

1111
1111
1111
1111
1111
1111
1111
1111

1111
1111
1111
1111
1111
1111
1111
1111

1111
1111
1111
1111
2222
2222
2222
2222

2222
2222
2222
2222
2222
2222
2222
2222

2222
2222
2222
2222
2222
2222
2222
2222

2222
2222
2222
2222
2222
2222
2222
2222

4444
4444
4444
4444
4444
4444
4444
4444

6666
6666
6666
6666
6666
6666
6666
6666

7777
7777
7777
7777
7777
7777
7777
7777

8888
8888
8888
8888
8888
8888
8888
8888

0000
0000
0000
0000
6666
6666
6666
6666

6666
6666
6666
6666
6666
6666
6666
6666

6666
6666
6666
6666
6666
6666
6666
6666

6666
6666
6666
6666
6666
6666
6666
6666

6666
6666
6666
6666
6666
6666
6666
6666

6666
6666
6666
6666
6666
6666
6666
6666

6666
6666
6666
6666
6666
6666
6666
6666

6666
6666
6666
6666
6666
6666
6666
6666

6666
6666
6666
6666
6666
6666
6666
6666

6666
6666
6666
6666
6666
6666
6666
6666

6666
6666
6666
6666
6666
6666
6666
6666

6666
6666
6666
6666
6666
6666
6666
6666

6666
6666
6666
6666

1111
1111
1111
1111
1111
1111
1111
1111

1111
1111
1111
1111
1111
1111
1111
1111

1111
1111
1111
1111
1111
1111
1111
1111

1111
1111
1111
1111
1111
1111
1111
1111

2222
2222
2222
2222
2222
2222
2222
2222

2222
2222
2222
2222
2222
2222
2222
2222

3333
3333
3333
3333
3333
3333
3333
3333

3333
3333
3333
3333
3333
3333
3333
3333

6666
6666
6666
6666
6666
6666
6666
6666

6666
6666
6666
6666
6666
6666
6666
6666

6666
6666
6666
6666
6666
6666
6666
6666

6666
6666
6666
6666
6666
6666
6666
6666

6666
6666
6666
6666
6666
6666
6666
6666

6666
6666
6666
6666
6666
6666
6666
6666

6666
6666
6666
6666
6666
6666
6666
6666

6666
6666
6666
6666
6666
6666
6666
6666

0000
0000
0000
0000
0000
0000
0000
0000

0000
0000
0000
0000
0000
0000
0000
0000

0000
0000
0000
0000
0000
0000
0000
0000

0000
0000
0000
0000
0000
0000
0000
0000

0000
0000
0000
0000
0000
0000
0000
0000

0000
0000
0000
0000
0000
0000
0000
0000