000000000000
000000000000
000000000000
000000000000
000000000000
000000000000
000000000000


000000000000
000000000000
000000000000
000000000000

000000000000
000000000000
000000000000
000000000000

000000000005
000000000000
000000000000
000000000000

000000000000
000000000000
000000000000
000000000000

000000070000
000000000000
000000000000
000000000000

000000000000
000000000000
000000000000
000000000000

000000000000
000000000000
000000000000
000000000000

000000000000
000000000000
000000000000
000000000000


000000000000
000000000000
000000000000
000000000000

000000000000
000000000000
000000000000
000000000000

000100000000
000000000000
000000700000
000000000000

000000000000
000000000000
000000000000
000000000000

000000000000
000000000000
000000000000
000000000000

000000000000
000000000000
000000000000
000000000000

000000005000
000000000000
000000000000
000000000000

000007000000
000000000000
000000000000
000000000000


000010000000
000000000000
000000000000
000000000000

000000000000
000000000000
000000000000
000000000000

000000000003
000000000000
000000000000
000000000000

000007000000
000000000000
000000000000
000000000000

000000000000
000000000000
000000000000
000000000000

000000000000
000000000000
000000000000
000000000000

000000000000
000000000000
000000000000
000000000000

001000000000
000000000000
000000000000
000000000000


000000000000
000000000000
000000000000
000000000000

000000005000
000000000000
000000000000
000000000000

000000000000
000000000000
000000000000
000000000000

000000000000
000000000000
000000000000
000000000000

100000000000
000000000000
000000000000
000000000000

010000000000
000000000000
000000000000
000000000000

001000000000
000000000000
000000000000
000000000000

000005000000
000000000000
000000000001
000000000000


000000000000
000000000000
000000000000
000000000000

007000000000
000700000000
000000000000
000000000000

000000000000
000000000000
000000000000
000000000000

000000000000
000000000000
000000000000
000000000000

000000000000
000000000000
000000000000
000000000000

000000030000
000000003000
000000000000
000000000000

000000000000
000000000000
000000000000
000000000000

000000000000
000000000000
000000000000
000000000000


000000000100
000000000000
000000000000
000000000000

000000300000
000000000000
000000000000
000000000000

000500000000
000000000000
000000000000
000000000000

700000000000
000000000000
000000000000
000000000000

000000001000
000000000000
000000000000
000000000000

000003000000
000000000000
000000000000
000000000000

005000000000
000000000000
000000000000
000000000000

000000000007
000000000000
000000000000
000000000000

005000004000
000000000000
000000000000
000000000000

000000000000
000000000000
000000000000
000000000000

000000000000
000000000000
000000000000
000000000000

000000000000
000000000000
000000000000
000000000000

000030000700
000000000000
000000000000
000000000000

000000000000
000000000000
000000000000
000000000000

000000000000
000000000000
000000000000
000000000000

000000000000
000000000000
000000000000
000000000000

040020080060
000000000000
000000000000
000000000000
000000000000
000000000000
000000000000
000000000000
000000000000
000000000000
000000000000
000000000000
000000000000
000000000000
000000000000
000000000000
000000000000
000000000000
000000000000
000000000000
000000000000
000000000000
000000000000
000000000000
000000000000
000000000000
000000000000
000000000000
000000000000
000000000000
000000000000
000000000000

200800600400
000000000000
000000000000
000000000000
000000000000
000000000000
000000000000
000000000000
000000000000
000000000000
000000000000
000000000000
000000000000
000000000000
000000000000
000000000000
000000000000
000000000000
000000000000
000000000000
000000000000
000000000000
000000000000
000000000000
000000000000
000000000000
000000000000
000000000000
000000000000
000000000000
000000000000
000000000000

600400200800
000000000000
000000000000
000000000000

000000000000
000000000000
000000000000
000000000000

000000000000
000000000000
000000000000
000000000000

000000000000
000000000000
000000000000
000000000000

400200800600
000000000000
000000000000
000000000000

000000000000
000000000000
000000000000
000000000000

000000000000
000000000000
000000000000
000000000000

000000000000
000000000000
000000000000
000000000000


200800600400
000000000000
000000000000
000000000000

000000000000
000000000000
000000000000
000000000000

800600400200
000000000000
000000000000
000000000000

000000000000
000000000000
000000000000
000000000000


700000300000
000000000000
000000000000
000000000000

500000100000
000000000000
000000000000
000000000000

000300000700
000000000000
000000000000
000000000000

000010000050
000000000000
000000000000
000000000000

000000000000
000000000000
000000000000
000000000000
000000000000
000000000000
000000000000
000000000000
000000000000
000000000000
000000000000
000000000000
000000000000
000000000000
000000000000
000000000000

000001000000
000000000000
000000000000
000000000000

000000000500
000000000000
000000000000
000000000000

300000000000
000000000000
000000000000
000000000000

000000700000
000000000000
000000000000
000000000000

010000000000
000000000000
000000000000
000000000000

000005000000
000000000000
000000000000
000000000000

000000003000
000000000000
000000000000
000000000000

007000000000
000000000000
000000000000
000000000000

000000000010
000000000000
000000000000
000000000000

005000000000
000000000000
000000000000
000000000000

000003000000
000000000000
000000000000
000000000000

700000000000
000000000000
000000000000
000000000000

000000100000
000000000000
000000000000
000000000000

000000000700
000000000000
000000000000
000000000000

000300000000
000000000000
000000000000
000000000000

000000000500
000000000000
000000000000
000000000000

000001000000
000000000000
000000000000
000000000000

000000000500
000000000000
000000000000
000000000000

001000000000
000000000000
000000000000
000000000000

000000005000
000000000000
000000000000
000000000000

010000000000
000000000000
000000000000
000000000000

000070000000
000000000000
000000000000
000000000000

000000000010
000000000000
000000000000
000000000000

000050000000
000000000000
000000000000
000000000000

000000000100
000000000000
000000000000
000000000000

700000000000
000000000000
000000000000
000000000000

000000010000
000000000000
000000000000
000000000000

050000000000
000000000000
000000000000
000000000000

000000100000
000000000000
000000000000
000000000000

000000000700
000000000000
000000000000
000000000000

000300000000
000000000000
000000000000
000000000000

000000000500
000000000000
000000000000
000000000000


030000000000
000000000000
000000000000
000000000000

000070000000
000000000000
000000000000
000000000000

100000000000
000000000000
000000005000
000000000000

000700000000
000000000000
000000003000
000000000000

010000000000
000000000000
000000040000
000000000000

000040000000
000000000000
000000000200
000000000000

800000000000
000000000000
000000003000
000000000000

000500000000
000000000000
000000000100
000000000000

700000000000
000000000000
000000300000
000000000000

000003000000
000000000000
000000001000
000000000000

050000000000
000000000000
000000001000
000000000000

000300000000
000000000000
000000007000
000000000000

040000000000
000000000000
000001000000
000000000000

000020000000
000000000000
000000000600
000000000000

003000000000
000000000000
000000005000
000000000000

000100000000
000000000000
000000006000
000000000000

020000000000
000000000000
000000060000
000000000000

000080000000
000000000000
000000000400
000000000000

200000000000
000000000000
000000004000
000000000000

000700000000
000000000000
000000000300
000000000000

100000000000
000000000000
000005000000
000000000000

007000000000
000000000000
000000000010
000000000000

700000000000
000000000000
000000002000
000000000000

000700000000
000000000000
000003000000
000000000000

060000000000
000000000000
000000020000
000000000000

000003000000
000000000000
000000000070
000000000000

700000000000
000000000000
000000001000
000000000000

000000800000
000000000000
000000007000
000000000000

040000000000
000000000000
000000080000
000000000000

000001000000
000000000000
000000000050
000000000000

300000000000
000000000000
000000008000
000000000000

000100000000
000000000000
000000700000
000000000000

000000005000
000000000000
000100000000
000000000000

000070000000
000000000000
000000000300
000000000000

100000000000
000000000000
000000005000
000000000000

000700000000
000000000000
000000003000
000000000000

080000000000
000000000000
000000040000
000000000000

000050000000
000000000000
000000000300
000000000000

700000000000
000000000000
000000003000
000000000000

000500000000
000000000000
000000001000
000000000000

050000000000
000000000000
000000010000
000000000000

000030000000
000000000000
000000000700
000000000000

500000000000
000000000000
000000007000
000000000000

000020000000
000000000000
000000007000
000000000000

040000000000
000000000000
000000070000
000000000000

000010000000
000000000000
000000000500
000000000000

300000000000
000000000000
000000006000
000000000000

000100000000
000000000000
000000005000
000000000000

010000000000
000000000000
000000060000
000000000000

000070000000
000000000000
000000000300
000000000000

100000000000
000000000000
000000005000
000000000000

000700000000
000000000000
000000000300
000000000000

070000000000
000000000000
000000030000
000000000000

000050000000
000000000000
000000000100
000000000000

000004000000
000000000000
000000003000
000000000000

000500000000
000000000000
000400000000
000000000000

050000000000
000000000000
000000010000
000000000000

000030000000
000000000000
000000000700
000000000000

500000000000
000000000000
000000007000
000000000000

000300000000
000000000000
000000007000
000000000000

050000000000
000000000000
000000070000
000000000000

000010000000
000000000000
000000000500
000000000000

000000000000
000000000000
000000000000
000000000000

000000000000
000000000000
000000000000
000000000000


001000000000
000000000000
000000000000
000000000000
000000000000
000000000000
000000000000
000000000000
000000000000
000000000000
000000000000
000000000000
000000000000
000000000000
000000000000
000000000000
000000000000
000000000000
000000000000
000000000000
000000000000
000000000000
000000000000
000000000000
000000000000
000000000000
000000000000
000000000000
000000000000
000000000000
000000000000
000000000000

000700000000
000000000000
000000000000
000000000000
000000000000
000000000000
000000000000
000000000000
000000000000
000000000000
000000000000
000000000000
000000000000
000000000000
000000000000
000000000000
000000000000
000000000000
000000000000
000000000000
000000000000
000000000000
000000000000
000000000000
000000000000
000000000000
000000000000
000000000000
000000000000
000000000000
000000000000
000000000000

000000500000
000000000000
000000000000
000000000000
000000000000
000000000000
000000000000
000000000000
000000000000
000000000000
000000000000
000000000000
000000000000
000000000000
000000000000
000000000000
000000000000
000000000000
000000000000
000000000000
000000000000
000000000000
000000000000
000000000000
000000000000
000000000000
000000000000
000000000000
000000000000
000000000000
000000000000
000000000000


000000500000
000000000000
000000000000
000000000000

000000000000
000000000000
000000000000
000000000000

000000000000
000000000000
000000000000
000000000000

000000000000
000000000000
000000000000
000000000000

000000000000
000000000000
000000000000
000000000000

000000000100
000000000000
000000000000
000000000000

000050000000
000000000000
000000000000
000000000000

000000000001
000000000000
000000000000
000000000000

700500300100
000000000000
000000000000
000000000000
000000000000
000000000000
000000000000
000000000000
000000000000
000000000000
000000000000
000000000000
000000000000
000000000000
000000000000
000000000000
000000000000
000000000000
000000000000
000000000000
000000000000
000000000000
000000000000
000000000000
000000000000
000000000000
000000000000
000000000000
000000000000
000000000000
000000000000
000000000000

005003001007
000000000000
000000000000
000000000000
000000000000
000000000000
000000000000
000000000000
000000000000
000000000000
000000000000
000000000000
000000000000
000000000000
000000000000
000000000000
000000000000
000000000000
000000000000
000000000000
000000000000
000000000000
000000000000
000000000000
000000000000
000000000000
000000000000
000000000000
000000000000
000000000000
000000000000
000000000000

500300100700
000000000000
000000000000
000000000000
000000000000
000000000000
000000000000
000000000000
000000000000
000000000000
000000000000
000000000000
000000000000
000000000000
000000000000
000000000000

030010070050
000000000000
000000000000
000000000000
000000000000
000000000000
000000000000
000000000000
000000000000
000000000000
000000000000
000000000000
000000000000
000000000000
000000000000
000000000000

001007005003
000000000000
000000000000
000000000000

000000000000
000000000000
000000000000
000000000000

010070050030
000000000000
000000000000
000000000000

000000000000
000000000000
000000000000
000000000000

000700000000
000000000000
000000000000
000000000000

000000000000
000000000000
000000000000
000000000000

000000000300
000000000000
000000000000
000000000000

000000000000
000000000000
000000000000
000000000000

010000000000
000000000000
000000040000
000000000000

000040000000
000000000000
000000000200
000000000000

800000000000
000000000000
000000003000
000000000000

000500000000
000000000000
000000000100
000000000000

500000000000
000000000000
000000300000
000000000000

000003000000
000000000000
000000001000
000000000000

050000000000
000000000000
000000001000
000000000000

000300000000
000000000000
000000007000
000000000000

040000000000
000000000000
000001000000
000000000000

000020000000
000000000000
000000000600
000000000000

003000000000
000000000000
000000005000
000000000000

000100000000
000000000000
000000006000
000000000000

020000000000
000000000000
000000060000
000000000000

000080000000
000000000000
000000000400
000000000000

200000000000
000000000000
000000004000
000000000000

000700000000
000000000000
000000000300
000000000000

100000000000
000000000000
000005000000
000000000000

007000000000
000000000000
000000000010
000000000000

700000000000
000000000000
000000002000
000000000000

000700000000
000000000000
000003000000
000000000000

060000000000
000000000000
000000020000
000000000000

000003000000
000000000000
000000000070
000000000000

700000000000
000000000000
000000001000
000000000000

000000800000
000000000000
000000007000
000000000000

040000000000
000000000000
000000080000
000000000000

000001000000
000000000000
000000000050
000000000000

300000000000
000000000000
000000005000
000000000000

000100000000
000000000000
000000700000
000000000000

000000005000
000000000000
000100000000
000000000000

000070000000
000000000000
000000000300
000000000000

100000000000
000000000000
000000005000
000000000000

000700000000
000000000000
000000003000
000000000000

080000000000
000000000000
000000040000
000000000000

000050000000
000000000000
000000000300
000000000000

700000000000
000000000000
000000003000
000000000000

000500000000
000000000000
000000001000
000000000000

050000000000
000000000000
000000010000
000000000000

000030000000
000000000000
000000000700
000000000000

500000000000
000000000000
000000007000
000000000000

000020000000
000000000000
000000007000
000000000000

040000000000
000000000000
000000070000
000000000000

000010000000
000000000000
000000000500
000000000000

300000000000
000000000000
000000006000
000000000000

000100000000
000000000000
000000005000
000000000000

010000000000
000000000000
000000060000
000000000000

000070000000
000000000000
000000000300
000000000000

100000000000
000000000000
000000005000
000000000000

000700000000
000000000000
000000000300
000000000000

070000000000
000000000000
000000030000
000000000000

000050000000
000000000000
000000000100
000000000000

000004000000
000000000000
000000003000
000000000000

000500000000
000000000000
000400000000
000000000000

050000000000
000000000000
000000010000
000000000000

000030000000
000000000000
000000000700
000000000000

500000000000
000000000000
000000007000
000000000000

000300000000
000000000000
000000007000
000000000000

000010000000
000000000000
000000000500
000000000000

300000000000
000000000000
000000002000
000000000000

001000000000
000000000000
000070000000
000000000000

010070050030
000000000000
000000000000
000000000000

100700500300
000000000000
000000000000
000000000000

007005003001
000000000000
000000000000
000000000000

070050030010
000000000000
000000000000
000000000000

000000000000
000000000000
000000000000
000000000000
000000000000
000000000000
000000000000
000000000000
000000000000
000000000000
000000000000
000000000000
000000000000
000000000000
000000000000
000000000000
000000000000
000000000000
000000000000
000000000000
000000000000
000000000000
000000000000
000000000000
000000000000
000000000000
000000000000
000000000000

000000000000
000000000000
000000000000
000000000000
000000000000
000000000000
000000000000
000000000000
000000000000
000000000000
000000000000
000000000000
000000000000
000000000000
000000000000
000000000000
000000000000
000000000000
000000000000
000000000000
000000000000
000000000000
000000000000
000000000000
000000000000
000000000000
000000000000
000000000000

000000000000
000000000000
000000000000
000000000000
000000000000
000000000000
000000000000
000000000000
000000000000
000000000000
000000000000
000000000000
000000000000
000000000000
000000000000
000000000000
000000000000
000000000000
000000000000
000000000000
000000000000
000000000000
000000000000
000000000000
000000000000
000000000000
000000000000
000000000000

000000000000
000000000000
000000000000
000000000000
000000000000
000000000000
000000000000
000000000000
000000000000
000000000000
000000000000
000000000000
000000000000
000000000000
000000000000
000000000000
000000000000
000000000000
000000000000
000000000000
000000000000
000000000000
000000000000
000000000000
000000000000
000000000000
000000000000
000000000000
